+b('container')
  width: 91.1111111%
  margin: 0 auto
  max-width: 1376px

  +media(1024px)
    width: 95.5555556%
