.container
  width: 91.1111111%
  margin: 0 auto

  +media(1024px)
    width: 95.5555556%
